66446239.381294 
66446239.381294 
66446239.381294 
68715757.850708 
68723686.409201 
70108123.663747 
70921523.766878 
70921523.766878 
72229802.856926 
72304091.880031 
72304091.880031 
72304091.880031 
66446239.381294 
66446239.381294 
69248552.798628 
69251632.071180 
70219918.126773 
71692023.290873 
71808095.624730 
72455650.730697 
72455650.730697 
72455650.730697 
72455650.730697 
72461372.113139 
73035924.206639 
73035924.206639 
73045327.884389 
73065985.691000 
73065985.691000 
73072764.530811 
73072764.530811 
73074055.368066 
65372585.375416 
65372585.375416 
66963940.450812 
66963940.450812 
67452404.206050 
67498283.141851 
67658149.031174 
67662472.271443 
67662472.271443 
67893511.983479 
67897069.550554 
67903505.335714 
67903505.335714 
67992597.953265 
67992597.953265 
69514805.011843 
69514805.011843 
69520467.284494 
69520467.284494 
69520467.284494 
65372585.375416 
65372585.375416 
66963940.450812 
66963940.450812 
67452404.206050 
67498283.141851 
67658149.031174 
67662472.271443 
67662472.271443 
67893511.983479 
67897069.550554 
67903505.335714 
67903505.335714 
67992597.953265 
67992597.953265 
69514805.011843 
69514805.011843 
69520467.284494 
69520467.284494 
69520467.284494 
65372585.375416 
65372585.375416 
66963940.450812 
66963940.450812 
67452404.206050 
67498283.141851 
67658149.031174 
67662472.271443 
67662472.271443 
67893511.983479 
67897069.550554 
67903505.335714 
67903505.335714 
67992597.953265 
67992597.953265 
69514805.011843 
69514805.011843 
69520467.284494 
69520467.284494 
69520467.284494 
65372585.375416 
65372585.375416 
66963940.450812 
66963940.450812 
67452404.206050 
67498283.141851 
67658149.031174 
67662472.271443 
67662472.271443 
67893511.983479 
67897069.550554 
67903505.335714 
67903505.335714 
67992597.953265 
67992597.953265 
69514805.011843 
69514805.011843 
69520467.284494 
69520467.284494 
69520467.284494 
65372585.375416 
65372585.375416 
66963940.450812 
66963940.450812 
67452404.206050 
67498283.141851 
67658149.031174 
67662472.271443 
67662472.271443 
67893511.983479 
67897069.550554 
67903505.335714 
67903505.335714 
67992597.953265 
67992597.953265 
69514805.011843 
69514805.011843 
69520467.284494 
69520467.284494 
69520467.284494 
73128748.231121 
73128748.231121 
73128748.231121 
73128748.231121 
73128748.231121 
73132750.524259 
71168195.685601 
71183086.282424 
74010324.521492 
74014075.272148 
74015611.096562 
74015611.096562 
74034258.401860 
74034258.401860 
74034258.401860 
74034258.401860 
74034258.401860 
74034258.401860 
74243020.422684 
74246575.323447 
74246575.323447 
74246575.323447 
74246575.323447 
74258927.547883 
74258927.547883 
74258927.547883 
71385382.415628 
71385382.415628 
72201689.580358 
72203120.995096 
