9990499992.864120 
9998602852.911022 
9998744513.548574 
9998763182.401726 
9998763182.401726 
9998763182.401726 
9999797079.081379 
9999797079.081379 
9999797079.081379 
9999797079.081379 
9999797079.081379 
9999797079.081381 
9999797079.081381 
9999797079.081381 
9999797079.081381 
9999797079.081381 
9999797079.081381 
9999797079.081381 
9999797079.081381 
9999797079.081381 
9999797079.081381 
9999806993.001099 
9999806993.001099 
9999806993.001099 
9999806993.001099 
9999806993.001099 
9999806993.001099 
9999806993.001099 
9999806993.001099 
9999806993.001099 
9999806993.001099 
9999806993.001099 
9999806993.001099 
9999818099.389381 
9999818099.389381 
9999818099.389381 
9999818099.389381 
9999818099.389381 
9999832807.090780 
9999832807.090780 
9999832807.090780 
9999832807.090780 
9999832807.090780 
9999832807.090780 
9999832807.090780 
9999832807.090780 
9999832807.090780 
9999832807.090780 
9999832818.024614 
9999832818.024614 
9999832818.024614 
9999832818.024614 
9999832818.024614 
9999833576.857569 
9999833576.857569 
9999833576.857569 
9999833576.857569 
9999833576.857569 
9999838516.490879 
9999838516.490879 
9999838516.490879 
9999838516.490879 
9999838516.490879 
9999838516.490879 
9999839404.801840 
9999839404.801840 
9999839404.801840 
9999839404.801840 
9999839404.801840 
9999839404.801840 
9999839404.801840 
9999839404.801840 
9999839404.801840 
9999839404.801840 
9999839404.801840 
9999839404.801840 
9999839404.801840 
9999839523.231449 
9999839523.231449 
9999839523.231449 
9999839523.231449 
9999839523.231449 
9999839523.231449 
9999839523.231449 
9999839523.231449 
9999839523.231449 
9999840477.299831 
9999840477.325172 
9999840477.325172 
9999840477.325172 
9999840477.325172 
9999840477.325172 
9999840477.325453 
9999840477.325453 
9999840477.325453 
9999840477.325558 
9999840477.325558 
9999840477.325558 
9999840477.325558 
9999840477.325558 
