[0.2875     0.06666667 0.04       0.32      ]---[5626.557   23.22    53.301]
[0.93125    0.73333333 0.2        0.56      ]---[5667.87    24.05    49.118]
[0.375 0.6   0.08  0.4  ]---[5669.539   23.66    48.707]
[0.33125    0.33333333 0.         0.        ]---[5548.471   22.77    48.378]
[0.81875    0.26666667 0.72       0.44      ]---[5945.15    25.06    47.776]
[0.   0.   0.32 0.96]---[5539.839   22.71    56.577]
[0.   0.   0.64 0.64]---[5712.412   23.24    56.558]
[0.65 0.2  0.12 0.88]---[5702.782   24.13    48.292]
[0.3        0.13333333 0.56       0.92      ]---[5760.333   23.97    51.633]
[0.   0.   0.96 0.96]---[5496.72    22.54    54.606]
[0.   0.   0.   0.64]---[5612.808   22.92    55.447]
[0.33125 0.      0.32    0.96   ]---[5750.21    23.88    47.836]
[0.2        0.86666667 0.68       0.16      ]---[5761.045   23.77    49.08 ]
[0.80625    0.53333333 1.         0.04      ]---[5921.511   25.1     48.105]
[0.275 0.8   0.52  0.84 ]---[5693.233   23.72    49.461]
[0.99375 0.      0.      0.     ]---[5491.316   22.78    48.781]
[0.01875 1.      0.16    0.36   ]---[5648.978   23.17    53.121]
[0.   0.   0.96 0.  ]---[5548.95    22.36    54.745]
[0.99375 0.      0.88    0.     ]---[6029.419   25.57    46.237]
[0.26875    0.66666667 0.8        0.2       ]---[5809.663   24.06    49.686]
[0.99375    0.13333333 0.88       0.24      ]---[5912.127   25.14    45.207]
[0.6625 0.     0.96   0.64  ]---[5809.226   24.63    47.679]
